[gd_scene load_steps=13 format=3 uid="uid://c8abipasve7ck"]

[ext_resource type="PackedScene" uid="uid://c007vgboxblaa" path="res://player/player.tscn" id="1_v0r8n"]
[ext_resource type="Material" uid="uid://58xrrn0c2p73" path="res://assets/textures/dev/default_surface.tres" id="2_6po2o"]
[ext_resource type="PackedScene" uid="uid://miyu0xijfe7m" path="res://maps/map_resources/RubbishCollector.tscn" id="3_ps7t7"]
[ext_resource type="PackedScene" uid="uid://cnsjodlk4krx" path="res://npc/enemy/turret/Turret.tscn" id="4_sab5y"]

[sub_resource type="ProceduralSkyMaterial" id="ProceduralSkyMaterial_ps7t7"]
sky_top_color = Color(0.475794, 0.680649, 0.881363, 1)
sky_horizon_color = Color(0.584314, 0.752941, 0.917647, 1)
ground_bottom_color = Color(0.197554, 0.386779, 0.58158, 1)
ground_horizon_color = Color(0.584314, 0.752941, 0.917647, 1)

[sub_resource type="Sky" id="Sky_sab5y"]
sky_material = SubResource("ProceduralSkyMaterial_ps7t7")
process_mode = 1

[sub_resource type="Environment" id="Environment_lgvyb"]
background_mode = 2
sky = SubResource("Sky_sab5y")
ssao_enabled = true
glow_enabled = true

[sub_resource type="NavigationMesh" id="NavigationMesh_lgvyb"]
vertices = PackedVector3Array(-9.5046, -2.13066, -21.2511, -9.5046, 1.86934, -2.50112, 9.4954, 1.96934, -2.50112, 9.4954, -2.13066, -21.2511, -5.2546, 0.169343, 0.498882, -4.5046, 0.169343, 0.248882, -4.5046, 0.169343, -1.25112, -9.5046, 0.169343, -1.25112, -4.5046, 0.169343, 9.49888, -4.5046, 0.169343, 6.49888, -5.2546, 0.169343, 6.24888, -9.5046, 0.169343, 9.49888, -3.7546, 0.169343, 0.498882, 9.4954, 0.169343, -1.25112, -3.7546, 0.169343, 6.24888, 9.4954, 0.169343, 9.49888)
polygons = [PackedInt32Array(3, 2, 0), PackedInt32Array(0, 2, 1), PackedInt32Array(5, 4, 6), PackedInt32Array(6, 4, 7), PackedInt32Array(9, 8, 10), PackedInt32Array(10, 8, 11), PackedInt32Array(4, 10, 7), PackedInt32Array(7, 10, 11), PackedInt32Array(5, 6, 12), PackedInt32Array(12, 6, 13), PackedInt32Array(9, 14, 8), PackedInt32Array(8, 14, 15), PackedInt32Array(12, 13, 14), PackedInt32Array(14, 13, 15)]
cell_height = 0.1

[sub_resource type="BoxShape3D" id="BoxShape3D_6po2o"]
resource_local_to_scene = true
size = Vector3(20, 1, 20)

[sub_resource type="BoxMesh" id="BoxMesh_v0r8n"]
size = Vector3(20, 1, 20)

[sub_resource type="BoxMesh" id="BoxMesh_sab5y"]
size = Vector3(0.3, 2, 5)

[sub_resource type="BoxShape3D" id="BoxShape3D_lgvyb"]
size = Vector3(0.3, 2, 5)

[node name="level_0" type="Node3D"]

[node name="Player" parent="." instance=ExtResource("1_v0r8n")]
transform = Transform3D(0.80914, 0.0100297, -0.58753, 0, 0.999854, 0.0170685, 0.587616, -0.0138108, 0.809022, 0, -0.00308013, 6.4688)

[node name="Environment" type="Node3D" parent="."]
transform = Transform3D(1, 0, 0, 0, 1, 0, 0, 0, 1, 0, 8.7, 0)

[node name="DirectionalLight3D" type="DirectionalLight3D" parent="Environment"]
transform = Transform3D(0.965926, -0.24321, -0.0885213, -0.0449434, -0.49444, 0.868049, -0.254887, -0.834493, -0.488523, 0, 0, 0)
shadow_enabled = true

[node name="WorldEnvironment" type="WorldEnvironment" parent="Environment"]
environment = SubResource("Environment_lgvyb")

[node name="Rubbish" parent="." instance=ExtResource("3_ps7t7")]

[node name="Turret" parent="." instance=ExtResource("4_sab5y")]
transform = Transform3D(0.475001, 0, -0.879985, 0, 1, 0, 0.879985, 0, 0.475001, -7.83257, 0.735744, 0.763306)

[node name="NavigationRegion3D" type="NavigationRegion3D" parent="."]
navigation_mesh = SubResource("NavigationMesh_lgvyb")

[node name="Floor" type="StaticBody3D" parent="NavigationRegion3D"]
transform = Transform3D(1, 0, 0, 0, 1, 0, 0, 0, 1, 0, -0.5, 0)

[node name="CollisionShape3D" type="CollisionShape3D" parent="NavigationRegion3D/Floor"]
shape = SubResource("BoxShape3D_6po2o")

[node name="MeshInstance3D" type="MeshInstance3D" parent="NavigationRegion3D/Floor"]
transform = Transform3D(1, 0.000380785, -0.000441232, -0.000380835, 1, -0.000111516, 0.000441189, 0.000111687, 1, 0, 0, 0)
material_override = ExtResource("2_6po2o")
mesh = SubResource("BoxMesh_v0r8n")
skeleton = NodePath("../../..")

[node name="Floor2" type="StaticBody3D" parent="NavigationRegion3D"]
transform = Transform3D(-1, 1.84657e-08, 8.54503e-08, 0, 0.977438, -0.211222, -8.74228e-08, -0.211222, -0.977438, 0, -0.823985, -11.8678)

[node name="CollisionShape3D" type="CollisionShape3D" parent="NavigationRegion3D/Floor2"]
shape = SubResource("BoxShape3D_6po2o")

[node name="MeshInstance3D" type="MeshInstance3D" parent="NavigationRegion3D/Floor2"]
transform = Transform3D(1, 0.000380785, -0.000441232, -0.000380835, 1, -0.000111516, 0.000441189, 0.000111687, 1, 0, 0, 0)
material_override = ExtResource("2_6po2o")
mesh = SubResource("BoxMesh_v0r8n")
skeleton = NodePath("../../..")

[node name="Wall" type="StaticBody3D" parent="NavigationRegion3D"]
transform = Transform3D(1, 0, 0, 0, 1, 0, 0, 0, 1, -4.45372, 0.488368, 3.45062)

[node name="MeshInstance3D" type="MeshInstance3D" parent="NavigationRegion3D/Wall"]
transform = Transform3D(1, 0, 0, 0, 1, 0, 0, 0, 1, 0, 0.5, 0)
material_override = ExtResource("2_6po2o")
mesh = SubResource("BoxMesh_sab5y")

[node name="CollisionShape3D" type="CollisionShape3D" parent="NavigationRegion3D/Wall"]
transform = Transform3D(1, 0, 0, 0, 1, 0, 0, 0, 1, 0, 0.5, 0)
shape = SubResource("BoxShape3D_lgvyb")
