[gd_scene load_steps=6 format=3 uid="uid://crs2svhqe1ryv"]

[ext_resource type="Script" uid="uid://dy2frqj6k6c0k" path="res://npc/enemy/crawler/crawler_ai.gd" id="1_byoff"]
[ext_resource type="PackedScene" uid="uid://cck2i0r0uriym" path="res://npc/enemy/crawler/crawler_leg.tscn" id="2_1nbr5"]

[sub_resource type="PhysicsMaterial" id="PhysicsMaterial_1nbr5"]

[sub_resource type="BoxShape3D" id="BoxShape3D_aqq67"]
size = Vector3(0.267578, 0.0996094, 0.356445)

[sub_resource type="CylinderMesh" id="CylinderMesh_byoff"]
top_radius = 0.3
bottom_radius = 0.3
height = 0.3
radial_segments = 6
rings = 0

[node name="Crawler" type="RigidBody3D" node_paths=PackedStringArray("LEG_L0", "LEG_L1", "LEG_L2", "LEG_R0", "LEG_R1", "LEG_R2")]
collision_layer = 32
mass = 10.0
physics_material_override = SubResource("PhysicsMaterial_1nbr5")
script = ExtResource("1_byoff")
LEG_L0 = NodePath("LLeg1")
LEG_L1 = NodePath("LLeg2")
LEG_L2 = NodePath("LLeg3")
LEG_R0 = NodePath("RLeg1")
LEG_R1 = NodePath("RLeg2")
LEG_R2 = NodePath("RLeg3")

[node name="CollisionShape3D" type="CollisionShape3D" parent="."]
shape = SubResource("BoxShape3D_aqq67")

[node name="MeshInstance3D" type="MeshInstance3D" parent="."]
transform = Transform3D(0.51181, 0, 0, 0, -4.37114e-08, -0.213696, 0, 1, -9.34095e-09, 0, 0, 0)
mesh = SubResource("CylinderMesh_byoff")

[node name="NavigationAgent3D" type="NavigationAgent3D" parent="."]

[node name="LLeg1" parent="." instance=ExtResource("2_1nbr5")]
transform = Transform3D(-0.0360542, 0, 0.99935, 0, 1, 0, -0.99935, 0, -0.0360542, -0.12797, 0.00311842, -0.110737)

[node name="LLeg2" parent="." instance=ExtResource("2_1nbr5")]
transform = Transform3D(-0.0360542, 0, 0.99935, 0, 1, 0, -0.99935, 0, -0.0360542, -0.12797, 0.00311842, -0.00155108)

[node name="LLeg3" parent="." instance=ExtResource("2_1nbr5")]
transform = Transform3D(-0.0360542, 0, 0.99935, 0, 1, 0, -0.99935, 0, -0.0360542, -0.12797, 0.00311842, 0.1151)

[node name="RLeg3" parent="." instance=ExtResource("2_1nbr5")]
transform = Transform3D(0.0360543, 0, -0.99935, 0, 1, 0, 0.99935, 0, 0.0360543, 0.13063, 0.00311842, 0.112612)

[node name="RLeg2" parent="." instance=ExtResource("2_1nbr5")]
transform = Transform3D(0.0360543, 0, -0.99935, 0, 1, 0, 0.99935, 0, 0.0360543, 0.13063, 0.00311842, 0.00342595)

[node name="RLeg1" parent="." instance=ExtResource("2_1nbr5")]
transform = Transform3D(0.0360543, 0, -0.99935, 0, 1, 0, 0.99935, 0, 0.0360543, 0.13063, 0.00311842, -0.113226)
